      4.51      10.88       0.66     185.10
      6.86      11.08       0.66     169.41
      6.47      11.18       0.71     178.82
      1.76      11.47       0.78     197.65
      6.08      11.47       0.78     207.06
      2.55      11.86       0.80     200.78
      0.98      12.06       0.80     197.65
      3.33      12.35       0.80     203.92
      3.33      12.25       0.82     200.78
      3.33      11.76       0.75     197.65
      6.08      11.86       0.80     200.78
      1.76      11.57       0.75     200.78
      1.37      11.57       0.80     222.75
      0.98      11.47       0.89     225.88
      1.37      11.47       0.87     229.02
      1.37      11.67       0.82     225.88
      0.98      11.76       0.78     225.88
      4.90      12.16       0.85     216.47
      3.73      12.45       0.87     219.61
      2.16      12.35       0.87     225.88
      7.65      12.06       0.80     216.47
      3.33      12.06       0.80     216.47
      5.29      12.35       0.80     207.06
     13.53      12.35       0.80     203.92
      7.65      12.65       0.80     197.65
      2.94      12.84       0.80     203.92
      4.51      12.06       0.78     219.61
      3.73      11.18       0.75     225.88
      1.76      10.78       0.75     235.29
      2.55      11.67       0.82     241.57
      3.33      11.18       0.78     238.43
      1.37      11.57       0.85     260.39
      0.20      12.16       0.89     260.39
      4.51      12.25       0.89     266.67
      1.37      12.94       0.99     266.67
      0.59      13.04       1.06     279.22
      0.59      13.24       1.01     269.80
      5.29      13.33       0.92     250.98
      4.90      12.55       0.80     241.57
      7.65      12.55       0.82     247.84
      5.29      12.35       0.85     250.98
      5.69      12.55       0.94     272.94
      4.12      12.55       0.87     247.84
      4.51      13.63       0.96     266.67
      6.47      13.43       0.96     269.80
      1.76      13.43       0.92     266.67
      5.69      13.14       0.82     250.98
      6.08      12.75       0.85     250.98
      4.90      12.75       0.92     269.80
      4.12      12.25       0.80     266.67
      7.25      11.47       0.68     241.57
      2.16      12.25       0.75     272.94
      4.90      12.55       0.85     260.39
      7.25      11.96       0.78     263.53
      4.12      12.16       0.82     288.63
      5.29      12.35       0.80     266.67
      5.69      12.65       0.87     294.90
     11.57      12.84       0.87     282.35
     10.00      12.35       0.85     288.63
      7.65      12.35       0.85     288.63
      4.12      12.06       0.82     288.63
      4.12      12.25       0.85     291.76
      6.86      12.55       0.80     282.35
      6.86      12.84       0.92     313.73
      4.12      13.33       0.96     323.14
      5.29      14.22       0.94     298.04
      4.51      13.53       0.94     323.14
      2.55      13.43       1.01     338.82
      0.98      14.51       1.15     357.65
      0.98      14.71       1.25     367.06
      0.98      14.90       1.27     370.20
      0.98      15.39       1.34     385.88
      2.94      16.08       1.41     379.61
      1.37      16.08       1.34     360.78
      3.33      16.18       1.34     360.78
      2.16      16.27       1.32     363.92
      3.33      15.59       1.34     363.92
      2.55      14.90       1.32     370.20
      3.33      15.29       1.34     379.61
      4.90      15.98       1.34     370.20
      7.25      15.78       1.20     345.10
      3.33      15.88       1.36     382.75
      6.47      15.39       1.25     370.20
      3.73      15.20       1.18     357.65
      4.12      15.69       1.25     376.47
      4.90      14.71       1.13     351.37
      2.94      14.90       1.18     367.06
      3.33      15.69       1.25     376.47
      2.16      16.47       1.39     398.43
      2.16      16.47       1.36     385.88
      2.94      16.76       1.46     392.16
      4.90      16.47       1.46     389.02
      1.37      16.08       1.34     392.16
      3.33      15.69       1.32     389.02
      4.90      15.98       1.32     379.61
      5.69      14.90       1.18     376.47
      0.59      15.20       1.25     392.16
      2.16      15.78       1.29     401.57
      6.08      15.59       1.29     360.78
      1.37      15.49       1.32     395.29
      0.98      16.08       1.34     414.12
      0.98      16.96       1.41     385.88
      4.90      16.86       1.27     354.51
      5.69      17.16       1.41     385.88
      4.12      16.18       1.32     395.29
      1.76      14.80       1.20     410.98
      0.20      15.49       1.20     407.84
      3.33      16.08       1.32     401.57
      2.16      16.18       1.41     426.67
      0.98      16.67       1.41     423.53
      0.98      17.55       1.46     414.12
      3.33      17.84       1.51     398.43
      2.55      17.45       1.51     404.71
      0.98      17.65       1.46     398.43
      0.59      17.94       1.41     410.98
      2.55      18.43       1.53     414.12
      3.33      18.24       1.53     401.57
      0.20      18.82       1.69     426.67
      1.76      18.92       1.79     432.94
      0.98      18.53       1.72     436.08
      0.98      18.63       1.81     461.18
      0.20      20.00       2.05     473.73
      2.94      20.49       2.05     461.18
      1.37      20.59       2.02     436.08
      1.37      20.59       2.02     442.35
      0.59      19.90       1.84     436.08
      0.98      19.51       1.81     448.63
      0.98      19.61       1.79     429.80
      2.55      19.71       1.72     407.84
      2.55      19.51       1.79     423.53
      0.98      19.41       1.88     432.94
      1.37      19.80       2.02     461.18
      0.59      20.88       2.21     480.00
      0.20      21.86       2.28     473.73
      0.20      22.45       2.38     480.00
      1.76      22.35       2.24     439.22
      3.33      22.16       2.21     420.39
      0.59      22.16       2.28     426.67
      1.76      21.86       2.26     429.80
      0.20      22.16       2.28     454.90
      1.37      22.45       2.28     445.49
      0.59      22.06       2.24     439.22
      2.94      21.57       2.19     432.94
      0.20      21.76       2.19     448.63
      0.59      21.76       2.28     451.76
      0.98      21.86       2.24     439.22
      0.59      21.96       2.26     429.80
      0.59      22.55       2.45     448.63
      1.37      22.25       2.42     439.22
      0.20      22.16       2.38     448.63
      0.20      22.94       2.66     476.86
      0.98      24.51       2.87     473.73
      1.37      25.29       2.96     458.04
      0.98      24.51       2.99     476.86
      0.98      24.61       2.94     470.59
      0.98      24.71       2.89     464.31
      2.16      23.82       2.61     426.67
      0.98      23.24       2.71     451.76
      0.59      23.82       2.82     461.18
      0.98      24.51       2.96     458.04
      0.98      24.71       3.01     448.63
      0.59      24.31       2.89     458.04
      0.00      24.02       2.78     461.18
      0.59      24.41       2.87     461.18
      1.37      25.20       3.04     467.45
      0.98      26.18       3.36     473.73
      0.98      26.76       3.62     483.14
      0.98      26.86       3.58     473.73
      0.59      26.37       3.48     467.45
      0.59      26.47       3.51     476.86
      0.59      25.88       3.55     489.41
      0.59      26.08       3.53     486.27
      0.59      27.06       3.62     480.00
      0.59      26.86       3.65     476.86
      0.98      27.06       3.79     473.73
      0.59      26.47       3.53     461.18
      0.98      26.76       3.36     445.49
      0.98      27.25       3.53     454.90
      0.98      27.75       3.74     458.04
      0.98      28.73       4.02     461.18
      1.37      28.73       4.07     458.04
      0.98      28.63       4.12     461.18
      0.59      28.82       4.28     476.86
      0.98      29.61       4.26     461.18
      0.98      29.31       4.31     470.59
      0.98      29.51       4.35     464.31
      0.98      29.71       4.38     464.31
      0.59      29.31       4.35     464.31
      0.98      29.12       4.24     461.18
      0.98      28.82       4.19     461.18
      0.59      29.31       4.35     464.31
      0.98      29.61       4.52     464.31
      0.98      29.51       4.45     448.63
      0.59      29.12       4.33     461.18
      0.59      29.12       4.45     464.31
      0.98      29.61       4.54     467.45
      0.59      29.71       4.64     467.45
      0.98      29.80       4.59     451.76
      0.98      29.51       4.59     467.45
      0.59      29.41       4.56     451.76
      0.98      29.61       4.59     454.90
      0.59      30.00       4.61     454.90
      1.37      30.20       4.68     458.04
      0.59      29.90       4.66     458.04
      0.59      30.39       4.75     461.18
      0.59      29.90       4.66     458.04
      0.98      30.29       4.94     476.86
      0.98      30.29       4.94     476.86
      0.59      30.59       5.04     483.14
      0.98      30.39       4.94     464.31
      0.98      30.49       4.89     461.18
      0.59      30.39       4.80     461.18
      1.37      30.10       4.73     458.04
      0.98      29.61       4.66     448.63
      1.37      29.71       4.73     461.18
      0.98      29.31       4.66     458.04
      0.98      28.73       4.52     467.45
      0.98      28.33       4.26     458.04
      0.98      27.65       4.16     454.90
      1.37      27.75       4.12     451.76
      0.98      27.84       4.28     454.90
      0.98      28.73       4.56     467.45
      0.98      29.02       4.75     476.86
      0.98      29.12       4.80     473.73
      0.59      29.51       4.82     467.45
      0.59      29.61       4.78     467.45
      1.37      29.80       4.85     464.31
      0.59      29.51       4.82     467.45
      0.98      29.41       4.80     458.04
      0.59      29.90       4.94     464.31
      0.59      30.00       4.94     464.31
      0.98      29.31       4.73     461.18
      0.98      28.53       4.61     454.90
      0.98      28.53       4.49     451.76
      0.98      28.24       4.38     448.63
      0.98      27.75       4.24     439.22
      0.98      28.43       4.33     439.22
      0.59      28.82       4.61     445.49
      0.59      29.12       4.71     445.49
      0.59      29.22       4.66     442.35
      0.59      29.61       4.82     439.22
      0.98      29.51       4.82     439.22
      0.98      28.82       4.64     426.67
      0.98      28.14       4.42     432.94
      0.98      27.75       4.35     423.53
      0.59      28.53       4.49     417.25
      0.98      28.92       4.64     423.53
      0.59      28.43       4.49     426.67
      0.98      27.25       4.31     432.94
      1.37      27.06       4.26     423.53
      1.37      27.16       4.28     426.67
      0.98      27.25       4.28     426.67
      0.59      26.57       4.14     420.39
      0.98      26.76       4.12     417.25
      0.98      27.16       4.12     407.84
      0.98      27.45       4.28     410.98
      1.37      27.35       4.21     407.84
      0.98      26.86       4.07     404.71
      0.59      26.18       3.91     395.29
      1.37      25.29       3.84     407.84
      1.37      24.80       3.65     404.71
      1.37      25.10       3.60     395.29
      0.98      25.39       3.67     382.75
      0.59      25.49       3.81     382.75
      1.37      25.59       3.81     382.75
      1.37      25.39       3.69     370.20
      1.37      25.39       3.74     370.20
      0.59      25.69       3.93     398.43
      0.59      25.78       3.81     379.61
      0.98      25.39       3.79     376.47
      0.59      25.78       3.91     379.61
      0.59      25.49       3.79     370.20
      0.59      24.71       3.46     354.51
      0.59      24.41       3.44     360.78
      0.98      24.71       3.55     357.65
      0.20      24.22       3.29     332.55
      0.98      23.53       3.27     345.10
      1.76      22.16       2.92     329.41
      4.12      20.69       2.52     304.31
      0.59      20.49       2.56     307.45
      0.98      21.37       2.80     332.55
      0.00      21.96       2.96     345.10
      0.00      22.06       2.92     341.96
      0.98      20.88       2.66     329.41
      0.59      20.20       2.42     307.45
      0.20      20.59       2.52     313.73
      0.98      21.27       2.71     310.59
      5.29      22.35       2.94     316.86
      0.20      22.65       2.92     320.00
      0.20      22.35       2.80     313.73
      0.59      21.76       2.56     294.90
      3.33      21.08       2.45     285.49
      0.98      20.88       2.45     294.90
      3.33      20.49       2.45     294.90
      0.59      20.00       2.42     301.18
      0.20      20.29       2.40     304.31
      0.59      20.49       2.40     285.49
      2.55      20.59       2.38     276.08
      4.12      20.29       2.35     272.94
      1.76      19.31       2.21     276.08
      2.16      18.82       2.19     272.94
      0.98      18.82       2.07     263.53
      2.55      18.33       2.00     254.12
      1.76      17.65       1.88     254.12
      0.98      17.06       1.72     257.25
      2.55      17.16       1.67     250.98
      4.12      16.96       1.60     244.71
      2.94      16.76       1.46     232.16
      2.55      15.88       1.48     232.16
      0.20      16.18       1.62     254.12
      0.59      16.86       1.69     260.39
      0.98      17.45       1.65     238.43
      5.69      16.86       1.51     222.75
      8.43      15.88       1.29     207.06
      2.94      14.71       1.15     200.78
      1.37      14.51       1.11     210.20
      2.16      14.22       0.96     197.65
      2.94      14.61       1.08     216.47
      2.55      15.10       1.15     219.61
      0.59      15.39       1.29     232.16
      0.98      15.20       1.25     219.61
      0.59      15.39       1.20     219.61
      1.76      15.69       1.25     222.75
      0.59      15.39       1.20     216.47
      3.33      15.49       1.20     210.20
      3.33      14.61       1.08     197.65
      3.33      13.73       0.99     203.92
      1.37      13.24       0.99     210.20
      1.76      12.94       0.96     210.20
      2.55      13.04       0.96     210.20
      1.76      12.65       0.94     207.06
      2.55      12.84       0.94     197.65
      2.94      12.55       0.92     200.78
      2.94      12.55       0.82     194.51
      4.12      12.55       0.82     185.10
      2.94      13.04       0.80     181.96
      8.43      12.84       0.82     178.82
      5.69      12.65       0.87     188.24
      1.76      12.25       0.85     200.78
      0.98      12.65       0.87     194.51
      2.94      12.84       0.82     178.82
      7.65      12.55       0.82     185.10
      1.76      11.57       0.82     194.51
      1.37      11.76       0.78     188.24
      3.33      12.06       0.75     185.10
      4.51      12.06       0.78     188.24
      7.25      11.76       0.75     175.69
      4.90      11.08       0.64     160.00
      6.08      10.78       0.56     156.86
      5.29      10.29       0.61     172.55
      4.12      10.20       0.61     181.96
      3.73      10.69       0.64     175.69
      8.82      10.78       0.68     169.41
      8.43      11.47       0.71     178.82
      6.86      11.27       0.71     169.41
      2.94      10.69       0.64     166.27
     12.75      10.88       0.59     160.00
      4.90      10.69       0.59     160.00
      3.73      11.27       0.68     194.51
      5.69      10.78       0.71     194.51
      8.43      10.78       0.68     181.96
      3.33      10.10       0.61     181.96
      2.94      10.29       0.59     175.69
     11.57      10.29       0.59     169.41
      6.08      10.29       0.56     163.14
