0.65
0.6
0.58
0.58
0.55
-999
0.57
0.59
0.59
0.64
-999
0.62
-999
-999
-999
0.62
-999
-999
-999
0.76
-999
0.75
0.71
0.67
0.62
0.57
0.57
0.57
0.55
0.55
0.57
0.63
0.56
-999
0.67
-999
-999
-999
0.65
-999
0.76
-999
0.78
0.74
0.68
0.62
-999
0.55
0.53
0.46
0.5
-999
-999
-999
0.46
0.65
0.64
-999
0.7
-999
0.68
0.7
0.74
0.76
0.8
0.78
-999
0.74
0.67
0.64
0.59
0.53
0.56
0.56
0.54
0.53
0.52
0.57
-999
-999
-999
0.67
-999
-999
0.7
0.73
-999
-999
-999
0.76
-999
-999
-999
0.58
0.62
-999
-999
0.51
0.56
-999
0.61
0.64
0.68
0.66
0.53
0.7
-999
0.7
0.73
0.75
-999
-999
0.61
0.6
0.57
0.53
0.52
0.5
0.54
-999
0.5
-999
0.57
-999
0.64
0.68
0.68
0.65
-999
0.7
-999
-999
0.76
-999
-999
-999
-999
0.69
0.47
0.59
0.63
0.62
-999
-999
0.6
0.64
0.6
-999
0.67
-999
0.63
0.69
0.66
-999
-999
-999
0.76
0.76
0.75
-999
0.71
0.66
0.61
0.6
0.6
0.59
0.67
0.61
-999
0.64
-999
-999
-999
0.62
-999
-999
0.73
0.73
0.73
-999
0.76
0.58
0.62
-999
0.56
-999
0.56
0.56
-999
0.6
-999
-999
-999
-999
-999
-999
-999
0.64
0.65
0.74
0.72
0.73
0.75
0.7
0.7
0.64
0.6
0.49
0.57
-999
-999
0.48
0.59
0.59
0.58
0.65
-999
0.66
0.67
0.67
-999
0.69
-999
-999
-999
-999
0.51
0.69
0.67
0.65
0.56
-999
-999
0.56
-999
0.62
0.64
0.68
0.59
0.68
0.63
-999
-999
-999
-999
-999
0.76
0.73
-999
-999
0.78
-999
0.68
0.67
-999
-999
0.61
0.6
0.64
-999
-999
-999
-999
0.7
-999
0.72
0.58
0.7
-999
0.73
-999
-999
0.69
0.76
0.77
-999
0.69
0.64
0.64
0.66
-999
-999
-999
-999
-999
0.62
0.6
0.66
0.64
0.6
-999
-999
-999
0.7
-999
0.73
-999
0.62
-999
0.5
0.53
0.54
-999
0.54
-999
-999
-999
0.68
-999
-999
-999
0.65
0.68
0.67
-999
0.68
0.65
0.67
-999
0.62
0.59
-999
-999
-999
-999
-999
0.56
0.55
0.45
-999
0.6
0.6
0.6
-999
-999
-999
0.65
-999
0.74
-999
0.7
0.6
0.55
0.52
0.49
-999
0.46
0.47
-999
0.46
0.47
0.53
-999
-999
0.56
-999
-999
0.65
0.64
-999
-999
-999
0.65
-999
-999
0.45
0.44
0.44
-999
-999
-999
-999
0.44
0.44
0.45
-999
